version https://git-lfs.github.com/spec/v1
oid sha256:7ca944cde04384bdaadc5d2e0f64c0b00f7e98283575fe9c480943e0a74336d0
size 261187
