version https://git-lfs.github.com/spec/v1
oid sha256:94d533329b6e204a137bbb8097e57e3a5f44cd28eafa68d77a57ef4e6e3d2e76
size 257258
